koala_K5_I6a
-9412276
-5923430
-9937850
-5793135
-10530482

koala_K5_I4a
-10001313
-6717594
-9015972
-10395824
-11779006

koala_K10_I4a
-8160392
-14671589
-11645871
-257
-9213090
-15724025
-66323
-2309439
-14873596
-11051693

koala_K10_I6a
-6711663
-14277092
-8949163
-13952228
-7177893
-11514038
-8361390
-10396075
-11381941
-3160385

koala_K10_I6b
-4676193
-10859724
-11778502
-9344171
-2768972
-5465984
-1061965
-7371650
-7566982
-14474723

koala_K15_i7a

-4093586
-8101052
-16383485
-9674417
-11910854
-6317418
-11516096
-12635353
-7044251
-9417415
-271171
-12701397
-9740463
-6054246
-9014169

K15_i7b
-3357764
-8554916
-12041157
-13685206
-9474217
-16448502
-8424100
-13882073
-9608889
-13949926
-11844550
-7047586
-11184811
-7766685
-12903149

k20_i8a

-7834786
-65537
-10001064
-10201525
-6976892
-2237490
-6913692
-16052980
-9
-2438982
-14474469
-14939640
-16514042
-9082030
-664899
-9014420
-10261941
-3691378
-8026495
-14279402

koala_K20_i8b
-14805485
-13157837
-16055035
-13618651
-3163992
-3295578
-8290432
-14803177
-8025971
-9148059
-7042432
-11780298
-15792893
-15329519
-7507112
-9543611
-4083295
-8620438
-8948888
-13025737

koala_K20_i6a
-9544636
-7964060
-9277871
-4150879
-7571871
-4739425
-11514564
-16120828
-7766154
-5855829
-7766935
-7767712
-5852747
-8951199
-1455696
-7960966
-1383974
-7765634
-6981795
-8559283
