P_K2_i4a

-9860716
-8221804

P_K2_i4b

-7563363
-10325616

P_K5_i8

-8949137
-10717831
-4928524
-11310973
-7039590

P_K5_i5a

-11247272
-3943687
-8941428
-4210492
-7947542

P_K10_i6

-5590088
-16771271
-6964246
-5914135
-4599816
-16775907
-7817243
-9272435
-16769229
-1969414

P_K10_i7a

-16766651
-4075784
-16775139
-8801319
-11308427
-7627880
-8473122
-7892849
-6116657
-9011851

P_K15_i4a

-1707012
-1380100
-5853786
-7168859
-4666889
-7763565
-7760995
-584
-16572630
-7027729
-16704706
-1510409
-4075271
-9667196
-3747597

P_K15_i7b

-525318
-16772819
-4732171
-6372107
-16776695
-4665611
-16709608
-7364939
-9205102
-6568718
-6905694
-3153666
-7815444
-7620636
-9474468

P_K15_i6a

-4994568
-16710383
-2036227
-10845780
-7696493
-5587483
-16711146
-3482114
-7750421
-4010252
-16706761
-16776172
-4998177
-5325601
-6896659

P_K20_i7

-1576966
-16374973
-4797195
-16771281
-4338443
-6643287
-10389627
-8484980
-16509394
-7489048
-16710637
-8418421
-16767681
-7749661
-16706021
-7552533
-16772825
-8209950
-16775936
-8748174

P_K20_i8

-5455378
-16637643
-4931896
-6176011
-7038561
-16769211
-5263703
-15982009
-9662807
-8015140
-985859
-7892841
-1249806
-9665647
-8208669
-1248263
-13613754
-5256205
-12952987
-459523

P_K20_i7b

-4536081
-4339742
-8274211
-7959149
-9407865
-3811849
-20480
-3746575
-16777212
-6308886
-5654301
-15317673
-3877640
-6445387
-6775401
-7817497
-16763036
-7553814
-985091
-9007490
